(kicad_pcb (version 20171130) (host pcbnew 5.1.9-73d0e3b20d~88~ubuntu20.04.1)

  (general
    (thickness 0.6)
    (drawings 81)
    (tracks 220)
    (zones 0)
    (modules 120)
    (nets 4)
  )

  (page A4)
  (layers
    (0 F.Cu signal)
    (31 B.Cu signal)
    (32 B.Adhes user)
    (33 F.Adhes user)
    (34 B.Paste user)
    (35 F.Paste user)
    (36 B.SilkS user)
    (37 F.SilkS user)
    (38 B.Mask user)
    (39 F.Mask user)
    (40 Dwgs.User user)
    (41 Cmts.User user)
    (42 Eco1.User user)
    (43 Eco2.User user)
    (44 Edge.Cuts user)
    (45 Margin user)
    (46 B.CrtYd user)
    (47 F.CrtYd user)
    (48 B.Fab user)
    (49 F.Fab user)
  )

  (setup
    (last_trace_width 0.5)
    (user_trace_width 0.8)
    (user_trace_width 1)
    (trace_clearance 0.15)
    (zone_clearance 0.5)
    (zone_45_only no)
    (trace_min 0.2)
    (via_size 0.8)
    (via_drill 0.4)
    (via_min_size 0.4)
    (via_min_drill 0.3)
    (uvia_size 0.3)
    (uvia_drill 0.1)
    (uvias_allowed no)
    (uvia_min_size 0.2)
    (uvia_min_drill 0.1)
    (edge_width 0.05)
    (segment_width 0.2)
    (pcb_text_width 0.3)
    (pcb_text_size 1.5 1.5)
    (mod_edge_width 0.12)
    (mod_text_size 1 1)
    (mod_text_width 0.15)
    (pad_size 3 1.5)
    (pad_drill 0)
    (pad_to_mask_clearance 0)
    (aux_axis_origin 0 0)
    (visible_elements FFFFFF7F)
    (pcbplotparams
      (layerselection 0x010fc_ffffffff)
      (usegerberextensions false)
      (usegerberattributes true)
      (usegerberadvancedattributes true)
      (creategerberjobfile true)
      (excludeedgelayer true)
      (linewidth 0.100000)
      (plotframeref false)
      (viasonmask false)
      (mode 1)
      (useauxorigin false)
      (hpglpennumber 1)
      (hpglpenspeed 20)
      (hpglpendiameter 15.000000)
      (psnegative false)
      (psa4output false)
      (plotreference true)
      (plotvalue true)
      (plotinvisibletext false)
      (padsonsilk false)
      (subtractmaskfromsilk false)
      (outputformat 1)
      (mirror false)
      (drillshape 1)
      (scaleselection 1)
      (outputdirectory ""))
  )

  (net 0 "")
  (net 1 "Net-(C1-Pad2)")
  (net 2 "Net-(C1-Pad1)")
  (net 3 "Net-(E1-Pad2)")

  (net_class Default "This is the default net class."
    (clearance 0.15)
    (trace_width 0.5)
    (via_dia 0.8)
    (via_drill 0.4)
    (uvia_dia 0.3)
    (uvia_drill 0.1)
    (add_net "Net-(C1-Pad1)")
    (add_net "Net-(C1-Pad2)")
    (add_net "Net-(E1-Pad2)")
  )

  (module oscilloscope-probes:MillMax_0279-0-15 (layer F.Cu) (tedit 60B8F063) (tstamp 60B91145)
    (at 109.66 121.72 180)
    (path /60B105B2)
    (fp_text reference J1 (at 0.1 0) (layer F.SilkS) hide
      (effects (font (size 1 1) (thickness 0.15)))
    )
    (fp_text value "Pin header" (at 0.1 2.2) (layer F.Fab) hide
      (effects (font (size 1 1) (thickness 0.15)))
    )
    (fp_line (start -2.2 -0.7) (end -2.2 -1) (layer F.Fab) (width 0.12))
    (fp_line (start -2.1 -0.7) (end -2.2 -0.7) (layer F.Fab) (width 0.12))
    (fp_line (start 2.1 -0.7) (end -2.1 -0.7) (layer F.Fab) (width 0.12))
    (fp_line (start 2.1 0.7) (end 2.1 -0.7) (layer F.Fab) (width 0.12))
    (fp_line (start -2.2 0.7) (end 2.1 0.7) (layer F.Fab) (width 0.12))
    (fp_line (start -2.2 1) (end -2.2 0.7) (layer F.Fab) (width 0.12))
    (fp_line (start -2.9 1) (end -2.2 1) (layer F.Fab) (width 0.12))
    (fp_line (start -2.9 -1) (end -2.9 1) (layer F.Fab) (width 0.12))
    (fp_line (start -2.2 -1) (end -2.9 -1) (layer F.Fab) (width 0.12))
    (pad 1 smd roundrect (at 0 0 270) (size 1.4 4.3) (layers F.Cu F.Paste F.Mask) (roundrect_rratio 0.25)
      (net 1 "Net-(C1-Pad2)"))
  )

  (module oscilloscope-probes:SIMPLE_PAD (layer F.Cu) (tedit 60B8F281) (tstamp 60B91141)
    (at 103.86 121.72 180)
    (path /60B11C3F)
    (fp_text reference J2 (at 0 1.905) (layer F.SilkS) hide
      (effects (font (size 1 1) (thickness 0.15)))
    )
    (fp_text value "To amplifier" (at 0 -1.905) (layer F.Fab) hide
      (effects (font (size 1 1) (thickness 0.15)))
    )
    (pad 1 smd roundrect (at 0 0 180) (size 3 1) (layers F.Cu F.Mask) (roundrect_rratio 0.25)
      (net 2 "Net-(C1-Pad1)"))
  )

  (module oscilloscope-probes:SIMPLE_PAD (layer B.Cu) (tedit 60B8F28E) (tstamp 60B9113D)
    (at 103.86 121.72 180)
    (path /60B120D2)
    (fp_text reference J3 (at 0 -1.905) (layer B.SilkS) hide
      (effects (font (size 1 1) (thickness 0.15)) (justify mirror))
    )
    (fp_text value "Shield mount" (at 0 1.905) (layer B.Fab) hide
      (effects (font (size 1 1) (thickness 0.15)) (justify mirror))
    )
    (pad 1 smd roundrect (at 0 0 180) (size 3 1.5) (layers B.Cu B.Mask) (roundrect_rratio 0.25)
      (net 3 "Net-(E1-Pad2)"))
  )

  (module Capacitor_SMD:C_0603_1608Metric (layer F.Cu) (tedit 5B301BBE) (tstamp 60B9112B)
    (at 106.56 75.7)
    (descr "Capacitor SMD 0603 (1608 Metric), square (rectangular) end terminal, IPC_7351 nominal, (Body size source: http://www.tortai-tech.com/upload/download/2011102023233369053.pdf), generated with kicad-footprint-generator")
    (tags capacitor)
    (path /60B10F69)
    (attr smd)
    (fp_text reference C1 (at 0 -0.1) (layer F.SilkS) hide
      (effects (font (size 1 1) (thickness 0.15)))
    )
    (fp_text value 5pF (at 0 1.43) (layer F.Fab) hide
      (effects (font (size 1 1) (thickness 0.15)))
    )
    (fp_text user %R (at 0 0) (layer F.Fab)
      (effects (font (size 0.4 0.4) (thickness 0.06)))
    )
    (fp_line (start -0.8 0.4) (end -0.8 -0.4) (layer F.Fab) (width 0.1))
    (fp_line (start -0.8 -0.4) (end 0.8 -0.4) (layer F.Fab) (width 0.1))
    (fp_line (start 0.8 -0.4) (end 0.8 0.4) (layer F.Fab) (width 0.1))
    (fp_line (start 0.8 0.4) (end -0.8 0.4) (layer F.Fab) (width 0.1))
    (fp_line (start -0.162779 -0.51) (end 0.162779 -0.51) (layer F.SilkS) (width 0.12))
    (fp_line (start -0.162779 0.51) (end 0.162779 0.51) (layer F.SilkS) (width 0.12))
    (fp_line (start -1.48 0.73) (end -1.48 -0.73) (layer F.CrtYd) (width 0.05))
    (fp_line (start -1.48 -0.73) (end 1.48 -0.73) (layer F.CrtYd) (width 0.05))
    (fp_line (start 1.48 -0.73) (end 1.48 0.73) (layer F.CrtYd) (width 0.05))
    (fp_line (start 1.48 0.73) (end -1.48 0.73) (layer F.CrtYd) (width 0.05))
    (pad 2 smd roundrect (at 0.7875 0) (size 0.875 0.95) (layers F.Cu F.Paste F.Mask) (roundrect_rratio 0.25)
      (net 1 "Net-(C1-Pad2)"))
    (pad 1 smd roundrect (at -0.7875 0) (size 0.875 0.95) (layers F.Cu F.Paste F.Mask) (roundrect_rratio 0.25)
      (net 2 "Net-(C1-Pad1)"))
    (model ${KISYS3DMOD}/Capacitor_SMD.3dshapes/C_0603_1608Metric.wrl
      (at (xyz 0 0 0))
      (scale (xyz 1 1 1))
      (rotate (xyz 0 0 0))
    )
  )

  (module oscilloscope-probes:SIMPLE_PAD (layer F.Cu) (tedit 60B8F281) (tstamp 60B91126)
    (at 103.86 106.48 180)
    (path /60B11C3F)
    (fp_text reference J2 (at 0 1.905) (layer F.SilkS) hide
      (effects (font (size 1 1) (thickness 0.15)))
    )
    (fp_text value "To amplifier" (at 0 -1.905) (layer F.Fab) hide
      (effects (font (size 1 1) (thickness 0.15)))
    )
    (pad 1 smd roundrect (at 0 0 180) (size 3 1) (layers F.Cu F.Mask) (roundrect_rratio 0.25)
      (net 2 "Net-(C1-Pad1)"))
  )

  (module oscilloscope-probes:SIMPLE_PAD (layer B.Cu) (tedit 60B8F28E) (tstamp 60B91121)
    (at 103.86 101.4 180)
    (path /60B120D2)
    (fp_text reference J3 (at 0 -1.905) (layer B.SilkS) hide
      (effects (font (size 1 1) (thickness 0.15)) (justify mirror))
    )
    (fp_text value "Shield mount" (at 0 1.905) (layer B.Fab) hide
      (effects (font (size 1 1) (thickness 0.15)) (justify mirror))
    )
    (pad 1 smd roundrect (at 0 0 180) (size 3 1.5) (layers B.Cu B.Mask) (roundrect_rratio 0.25)
      (net 3 "Net-(E1-Pad2)"))
  )

  (module Capacitor_SMD:C_0603_1608Metric (layer F.Cu) (tedit 5B301BBE) (tstamp 60B91111)
    (at 106.56 76.3)
    (descr "Capacitor SMD 0603 (1608 Metric), square (rectangular) end terminal, IPC_7351 nominal, (Body size source: http://www.tortai-tech.com/upload/download/2011102023233369053.pdf), generated with kicad-footprint-generator")
    (tags capacitor)
    (path /60B10B8A)
    (attr smd)
    (fp_text reference R1 (at 0 0.2) (layer F.SilkS) hide
      (effects (font (size 1 1) (thickness 0.15)))
    )
    (fp_text value "9.53 M" (at 0 1.43) (layer F.Fab) hide
      (effects (font (size 1 1) (thickness 0.15)))
    )
    (fp_text user %R (at 0 0) (layer F.Fab)
      (effects (font (size 0.4 0.4) (thickness 0.06)))
    )
    (fp_line (start -0.8 0.4) (end -0.8 -0.4) (layer F.Fab) (width 0.1))
    (fp_line (start -0.8 -0.4) (end 0.8 -0.4) (layer F.Fab) (width 0.1))
    (fp_line (start 0.8 -0.4) (end 0.8 0.4) (layer F.Fab) (width 0.1))
    (fp_line (start 0.8 0.4) (end -0.8 0.4) (layer F.Fab) (width 0.1))
    (fp_line (start -0.162779 -0.51) (end 0.162779 -0.51) (layer F.SilkS) (width 0.12))
    (fp_line (start -0.162779 0.51) (end 0.162779 0.51) (layer F.SilkS) (width 0.12))
    (fp_line (start -1.48 0.73) (end -1.48 -0.73) (layer F.CrtYd) (width 0.05))
    (fp_line (start -1.48 -0.73) (end 1.48 -0.73) (layer F.CrtYd) (width 0.05))
    (fp_line (start 1.48 -0.73) (end 1.48 0.73) (layer F.CrtYd) (width 0.05))
    (fp_line (start 1.48 0.73) (end -1.48 0.73) (layer F.CrtYd) (width 0.05))
    (pad 2 smd roundrect (at 0.7875 0) (size 0.875 0.95) (layers F.Cu F.Paste F.Mask) (roundrect_rratio 0.25)
      (net 1 "Net-(C1-Pad2)"))
    (pad 1 smd roundrect (at -0.7875 0) (size 0.875 0.95) (layers F.Cu F.Paste F.Mask) (roundrect_rratio 0.25)
      (net 2 "Net-(C1-Pad1)"))
    (model ${KISYS3DMOD}/Capacitor_SMD.3dshapes/C_0603_1608Metric.wrl
      (at (xyz 0 0 0))
      (scale (xyz 1 1 1))
      (rotate (xyz 0 0 0))
    )
  )

  (module oscilloscope-probes:PCB_SPARK_GAP_1mm (layer B.Cu) (tedit 60B8F323) (tstamp 60B91101)
    (at 106.56 76 270)
    (path /60B8F154)
    (fp_text reference E1 (at -0.1 0 90) (layer B.SilkS) hide
      (effects (font (size 1 1) (thickness 0.15)) (justify mirror))
    )
    (fp_text value SPARK_GAP (at 0 5.1 90) (layer B.Fab) hide
      (effects (font (size 1 1) (thickness 0.15)) (justify mirror))
    )
    (fp_poly (pts (xy 0.5 -0.25) (xy -0.5 -0.25) (xy -0.5 0.3) (xy 0.5 0.3)) (layer B.Mask) (width 0.01))
    (pad 1 smd rect (at 0.2 -0.16 225) (size 0.2 0.2) (layers B.Cu)
      (net 1 "Net-(C1-Pad2)"))
    (pad 1 smd rect (at 0 -0.16 225) (size 0.2 0.2) (layers B.Cu)
      (net 1 "Net-(C1-Pad2)"))
    (pad 1 smd rect (at -0.2 -0.16 225) (size 0.2 0.2) (layers B.Cu)
      (net 1 "Net-(C1-Pad2)"))
    (pad 1 smd roundrect (at 0 -0.65 270) (size 1 1) (layers B.Cu) (roundrect_rratio 0.05)
      (net 1 "Net-(C1-Pad2)"))
    (pad 2 smd rect (at 0.3 0.2 225) (size 0.2 0.2) (layers B.Cu)
      (net 3 "Net-(E1-Pad2)"))
    (pad 2 smd rect (at 0.1 0.2 225) (size 0.2 0.2) (layers B.Cu)
      (net 3 "Net-(E1-Pad2)"))
    (pad 2 smd rect (at -0.1 0.2 225) (size 0.2 0.2) (layers B.Cu)
      (net 3 "Net-(E1-Pad2)"))
    (pad 2 smd rect (at -0.3 0.2 225) (size 0.2 0.2) (layers B.Cu)
      (net 3 "Net-(E1-Pad2)"))
    (pad 2 smd roundrect (at 0 0.7 270) (size 1 1) (layers B.Cu) (roundrect_rratio 0.05)
      (net 3 "Net-(E1-Pad2)"))
  )

  (module oscilloscope-probes:MillMax_0279-0-15 (layer F.Cu) (tedit 60B8F063) (tstamp 60B910F4)
    (at 109.66 86.16 180)
    (path /60B105B2)
    (fp_text reference J1 (at 0.1 0) (layer F.SilkS) hide
      (effects (font (size 1 1) (thickness 0.15)))
    )
    (fp_text value "Pin header" (at 0.1 2.2) (layer F.Fab) hide
      (effects (font (size 1 1) (thickness 0.15)))
    )
    (fp_line (start -2.2 -1) (end -2.9 -1) (layer F.Fab) (width 0.12))
    (fp_line (start -2.9 -1) (end -2.9 1) (layer F.Fab) (width 0.12))
    (fp_line (start -2.9 1) (end -2.2 1) (layer F.Fab) (width 0.12))
    (fp_line (start -2.2 1) (end -2.2 0.7) (layer F.Fab) (width 0.12))
    (fp_line (start -2.2 0.7) (end 2.1 0.7) (layer F.Fab) (width 0.12))
    (fp_line (start 2.1 0.7) (end 2.1 -0.7) (layer F.Fab) (width 0.12))
    (fp_line (start 2.1 -0.7) (end -2.1 -0.7) (layer F.Fab) (width 0.12))
    (fp_line (start -2.1 -0.7) (end -2.2 -0.7) (layer F.Fab) (width 0.12))
    (fp_line (start -2.2 -0.7) (end -2.2 -1) (layer F.Fab) (width 0.12))
    (pad 1 smd roundrect (at 0 0 270) (size 1.4 4.3) (layers F.Cu F.Paste F.Mask) (roundrect_rratio 0.25)
      (net 1 "Net-(C1-Pad2)"))
  )

  (module Capacitor_SMD:C_0603_1608Metric (layer F.Cu) (tedit 5B301BBE) (tstamp 60B910E3)
    (at 106.56 111.86)
    (descr "Capacitor SMD 0603 (1608 Metric), square (rectangular) end terminal, IPC_7351 nominal, (Body size source: http://www.tortai-tech.com/upload/download/2011102023233369053.pdf), generated with kicad-footprint-generator")
    (tags capacitor)
    (path /60B10B8A)
    (attr smd)
    (fp_text reference R1 (at 0 0.2) (layer F.SilkS) hide
      (effects (font (size 1 1) (thickness 0.15)))
    )
    (fp_text value "9.53 M" (at 0 1.43) (layer F.Fab) hide
      (effects (font (size 1 1) (thickness 0.15)))
    )
    (fp_line (start 1.48 0.73) (end -1.48 0.73) (layer F.CrtYd) (width 0.05))
    (fp_line (start 1.48 -0.73) (end 1.48 0.73) (layer F.CrtYd) (width 0.05))
    (fp_line (start -1.48 -0.73) (end 1.48 -0.73) (layer F.CrtYd) (width 0.05))
    (fp_line (start -1.48 0.73) (end -1.48 -0.73) (layer F.CrtYd) (width 0.05))
    (fp_line (start -0.162779 0.51) (end 0.162779 0.51) (layer F.SilkS) (width 0.12))
    (fp_line (start -0.162779 -0.51) (end 0.162779 -0.51) (layer F.SilkS) (width 0.12))
    (fp_line (start 0.8 0.4) (end -0.8 0.4) (layer F.Fab) (width 0.1))
    (fp_line (start 0.8 -0.4) (end 0.8 0.4) (layer F.Fab) (width 0.1))
    (fp_line (start -0.8 -0.4) (end 0.8 -0.4) (layer F.Fab) (width 0.1))
    (fp_line (start -0.8 0.4) (end -0.8 -0.4) (layer F.Fab) (width 0.1))
    (fp_text user %R (at 0 0) (layer F.Fab)
      (effects (font (size 0.4 0.4) (thickness 0.06)))
    )
    (pad 1 smd roundrect (at -0.7875 0) (size 0.875 0.95) (layers F.Cu F.Paste F.Mask) (roundrect_rratio 0.25)
      (net 2 "Net-(C1-Pad1)"))
    (pad 2 smd roundrect (at 0.7875 0) (size 0.875 0.95) (layers F.Cu F.Paste F.Mask) (roundrect_rratio 0.25)
      (net 1 "Net-(C1-Pad2)"))
    (model ${KISYS3DMOD}/Capacitor_SMD.3dshapes/C_0603_1608Metric.wrl
      (at (xyz 0 0 0))
      (scale (xyz 1 1 1))
      (rotate (xyz 0 0 0))
    )
  )

  (module Capacitor_SMD:C_0603_1608Metric (layer F.Cu) (tedit 5B301BBE) (tstamp 60B910D2)
    (at 106.56 116.94)
    (descr "Capacitor SMD 0603 (1608 Metric), square (rectangular) end terminal, IPC_7351 nominal, (Body size source: http://www.tortai-tech.com/upload/download/2011102023233369053.pdf), generated with kicad-footprint-generator")
    (tags capacitor)
    (path /60B10B8A)
    (attr smd)
    (fp_text reference R1 (at 0 0.2) (layer F.SilkS) hide
      (effects (font (size 1 1) (thickness 0.15)))
    )
    (fp_text value "9.53 M" (at 0 1.43) (layer F.Fab) hide
      (effects (font (size 1 1) (thickness 0.15)))
    )
    (fp_text user %R (at 0 0) (layer F.Fab)
      (effects (font (size 0.4 0.4) (thickness 0.06)))
    )
    (fp_line (start -0.8 0.4) (end -0.8 -0.4) (layer F.Fab) (width 0.1))
    (fp_line (start -0.8 -0.4) (end 0.8 -0.4) (layer F.Fab) (width 0.1))
    (fp_line (start 0.8 -0.4) (end 0.8 0.4) (layer F.Fab) (width 0.1))
    (fp_line (start 0.8 0.4) (end -0.8 0.4) (layer F.Fab) (width 0.1))
    (fp_line (start -0.162779 -0.51) (end 0.162779 -0.51) (layer F.SilkS) (width 0.12))
    (fp_line (start -0.162779 0.51) (end 0.162779 0.51) (layer F.SilkS) (width 0.12))
    (fp_line (start -1.48 0.73) (end -1.48 -0.73) (layer F.CrtYd) (width 0.05))
    (fp_line (start -1.48 -0.73) (end 1.48 -0.73) (layer F.CrtYd) (width 0.05))
    (fp_line (start 1.48 -0.73) (end 1.48 0.73) (layer F.CrtYd) (width 0.05))
    (fp_line (start 1.48 0.73) (end -1.48 0.73) (layer F.CrtYd) (width 0.05))
    (pad 2 smd roundrect (at 0.7875 0) (size 0.875 0.95) (layers F.Cu F.Paste F.Mask) (roundrect_rratio 0.25)
      (net 1 "Net-(C1-Pad2)"))
    (pad 1 smd roundrect (at -0.7875 0) (size 0.875 0.95) (layers F.Cu F.Paste F.Mask) (roundrect_rratio 0.25)
      (net 2 "Net-(C1-Pad1)"))
    (model ${KISYS3DMOD}/Capacitor_SMD.3dshapes/C_0603_1608Metric.wrl
      (at (xyz 0 0 0))
      (scale (xyz 1 1 1))
      (rotate (xyz 0 0 0))
    )
  )

  (module oscilloscope-probes:MillMax_0279-0-15 (layer F.Cu) (tedit 60B8F063) (tstamp 60B910C3)
    (at 109.66 81.08 180)
    (path /60B105B2)
    (fp_text reference J1 (at 0.1 0) (layer F.SilkS) hide
      (effects (font (size 1 1) (thickness 0.15)))
    )
    (fp_text value "Pin header" (at 0.1 2.2) (layer F.Fab) hide
      (effects (font (size 1 1) (thickness 0.15)))
    )
    (fp_line (start -2.2 -0.7) (end -2.2 -1) (layer F.Fab) (width 0.12))
    (fp_line (start -2.1 -0.7) (end -2.2 -0.7) (layer F.Fab) (width 0.12))
    (fp_line (start 2.1 -0.7) (end -2.1 -0.7) (layer F.Fab) (width 0.12))
    (fp_line (start 2.1 0.7) (end 2.1 -0.7) (layer F.Fab) (width 0.12))
    (fp_line (start -2.2 0.7) (end 2.1 0.7) (layer F.Fab) (width 0.12))
    (fp_line (start -2.2 1) (end -2.2 0.7) (layer F.Fab) (width 0.12))
    (fp_line (start -2.9 1) (end -2.2 1) (layer F.Fab) (width 0.12))
    (fp_line (start -2.9 -1) (end -2.9 1) (layer F.Fab) (width 0.12))
    (fp_line (start -2.2 -1) (end -2.9 -1) (layer F.Fab) (width 0.12))
    (pad 1 smd roundrect (at 0 0 270) (size 1.4 4.3) (layers F.Cu F.Paste F.Mask) (roundrect_rratio 0.25)
      (net 1 "Net-(C1-Pad2)"))
  )

  (module oscilloscope-probes:SIMPLE_PAD (layer B.Cu) (tedit 60B8F28E) (tstamp 60B910BF)
    (at 103.86 91.24 180)
    (path /60B120D2)
    (fp_text reference J3 (at 0 -1.905) (layer B.SilkS) hide
      (effects (font (size 1 1) (thickness 0.15)) (justify mirror))
    )
    (fp_text value "Shield mount" (at 0 1.905) (layer B.Fab) hide
      (effects (font (size 1 1) (thickness 0.15)) (justify mirror))
    )
    (pad 1 smd roundrect (at 0 0 180) (size 3 1.5) (layers B.Cu B.Mask) (roundrect_rratio 0.25)
      (net 3 "Net-(E1-Pad2)"))
  )

  (module Capacitor_SMD:C_0603_1608Metric (layer F.Cu) (tedit 5B301BBE) (tstamp 60B910A9)
    (at 106.56 81.38)
    (descr "Capacitor SMD 0603 (1608 Metric), square (rectangular) end terminal, IPC_7351 nominal, (Body size source: http://www.tortai-tech.com/upload/download/2011102023233369053.pdf), generated with kicad-footprint-generator")
    (tags capacitor)
    (path /60B10B8A)
    (attr smd)
    (fp_text reference R1 (at 0 0.2) (layer F.SilkS) hide
      (effects (font (size 1 1) (thickness 0.15)))
    )
    (fp_text value "9.53 M" (at 0 1.43) (layer F.Fab) hide
      (effects (font (size 1 1) (thickness 0.15)))
    )
    (fp_line (start 1.48 0.73) (end -1.48 0.73) (layer F.CrtYd) (width 0.05))
    (fp_line (start 1.48 -0.73) (end 1.48 0.73) (layer F.CrtYd) (width 0.05))
    (fp_line (start -1.48 -0.73) (end 1.48 -0.73) (layer F.CrtYd) (width 0.05))
    (fp_line (start -1.48 0.73) (end -1.48 -0.73) (layer F.CrtYd) (width 0.05))
    (fp_line (start -0.162779 0.51) (end 0.162779 0.51) (layer F.SilkS) (width 0.12))
    (fp_line (start -0.162779 -0.51) (end 0.162779 -0.51) (layer F.SilkS) (width 0.12))
    (fp_line (start 0.8 0.4) (end -0.8 0.4) (layer F.Fab) (width 0.1))
    (fp_line (start 0.8 -0.4) (end 0.8 0.4) (layer F.Fab) (width 0.1))
    (fp_line (start -0.8 -0.4) (end 0.8 -0.4) (layer F.Fab) (width 0.1))
    (fp_line (start -0.8 0.4) (end -0.8 -0.4) (layer F.Fab) (width 0.1))
    (fp_text user %R (at 0 0) (layer F.Fab)
      (effects (font (size 0.4 0.4) (thickness 0.06)))
    )
    (pad 1 smd roundrect (at -0.7875 0) (size 0.875 0.95) (layers F.Cu F.Paste F.Mask) (roundrect_rratio 0.25)
      (net 2 "Net-(C1-Pad1)"))
    (pad 2 smd roundrect (at 0.7875 0) (size 0.875 0.95) (layers F.Cu F.Paste F.Mask) (roundrect_rratio 0.25)
      (net 1 "Net-(C1-Pad2)"))
    (model ${KISYS3DMOD}/Capacitor_SMD.3dshapes/C_0603_1608Metric.wrl
      (at (xyz 0 0 0))
      (scale (xyz 1 1 1))
      (rotate (xyz 0 0 0))
    )
  )

  (module oscilloscope-probes:PCB_SPARK_GAP_1mm (layer B.Cu) (tedit 60B8F323) (tstamp 60B91097)
    (at 106.56 101.4 270)
    (path /60B8F154)
    (fp_text reference E1 (at -0.1 0 90) (layer B.SilkS) hide
      (effects (font (size 1 1) (thickness 0.15)) (justify mirror))
    )
    (fp_text value SPARK_GAP (at 0 5.1 90) (layer B.Fab) hide
      (effects (font (size 1 1) (thickness 0.15)) (justify mirror))
    )
    (fp_poly (pts (xy 0.5 -0.25) (xy -0.5 -0.25) (xy -0.5 0.3) (xy 0.5 0.3)) (layer B.Mask) (width 0.01))
    (pad 2 smd roundrect (at 0 0.7 270) (size 1 1) (layers B.Cu) (roundrect_rratio 0.05)
      (net 3 "Net-(E1-Pad2)"))
    (pad 2 smd rect (at -0.3 0.2 225) (size 0.2 0.2) (layers B.Cu)
      (net 3 "Net-(E1-Pad2)"))
    (pad 2 smd rect (at -0.1 0.2 225) (size 0.2 0.2) (layers B.Cu)
      (net 3 "Net-(E1-Pad2)"))
    (pad 2 smd rect (at 0.1 0.2 225) (size 0.2 0.2) (layers B.Cu)
      (net 3 "Net-(E1-Pad2)"))
    (pad 2 smd rect (at 0.3 0.2 225) (size 0.2 0.2) (layers B.Cu)
      (net 3 "Net-(E1-Pad2)"))
    (pad 1 smd roundrect (at 0 -0.65 270) (size 1 1) (layers B.Cu) (roundrect_rratio 0.05)
      (net 1 "Net-(C1-Pad2)"))
    (pad 1 smd rect (at -0.2 -0.16 225) (size 0.2 0.2) (layers B.Cu)
      (net 1 "Net-(C1-Pad2)"))
    (pad 1 smd rect (at 0 -0.16 225) (size 0.2 0.2) (layers B.Cu)
      (net 1 "Net-(C1-Pad2)"))
    (pad 1 smd rect (at 0.2 -0.16 225) (size 0.2 0.2) (layers B.Cu)
      (net 1 "Net-(C1-Pad2)"))
  )

  (module oscilloscope-probes:MillMax_0279-0-15 (layer F.Cu) (tedit 60B8F063) (tstamp 60B91089)
    (at 109.66 96.32 180)
    (path /60B105B2)
    (fp_text reference J1 (at 0.1 0) (layer F.SilkS) hide
      (effects (font (size 1 1) (thickness 0.15)))
    )
    (fp_text value "Pin header" (at 0.1 2.2) (layer F.Fab) hide
      (effects (font (size 1 1) (thickness 0.15)))
    )
    (fp_line (start -2.2 -1) (end -2.9 -1) (layer F.Fab) (width 0.12))
    (fp_line (start -2.9 -1) (end -2.9 1) (layer F.Fab) (width 0.12))
    (fp_line (start -2.9 1) (end -2.2 1) (layer F.Fab) (width 0.12))
    (fp_line (start -2.2 1) (end -2.2 0.7) (layer F.Fab) (width 0.12))
    (fp_line (start -2.2 0.7) (end 2.1 0.7) (layer F.Fab) (width 0.12))
    (fp_line (start 2.1 0.7) (end 2.1 -0.7) (layer F.Fab) (width 0.12))
    (fp_line (start 2.1 -0.7) (end -2.1 -0.7) (layer F.Fab) (width 0.12))
    (fp_line (start -2.1 -0.7) (end -2.2 -0.7) (layer F.Fab) (width 0.12))
    (fp_line (start -2.2 -0.7) (end -2.2 -1) (layer F.Fab) (width 0.12))
    (pad 1 smd roundrect (at 0 0 270) (size 1.4 4.3) (layers F.Cu F.Paste F.Mask) (roundrect_rratio 0.25)
      (net 1 "Net-(C1-Pad2)"))
  )

  (module oscilloscope-probes:SIMPLE_PAD (layer B.Cu) (tedit 60B8F28E) (tstamp 60B91085)
    (at 103.86 111.56 180)
    (path /60B120D2)
    (fp_text reference J3 (at 0 -1.905) (layer B.SilkS) hide
      (effects (font (size 1 1) (thickness 0.15)) (justify mirror))
    )
    (fp_text value "Shield mount" (at 0 1.905) (layer B.Fab) hide
      (effects (font (size 1 1) (thickness 0.15)) (justify mirror))
    )
    (pad 1 smd roundrect (at 0 0 180) (size 3 1.5) (layers B.Cu B.Mask) (roundrect_rratio 0.25)
      (net 3 "Net-(E1-Pad2)"))
  )

  (module oscilloscope-probes:SIMPLE_PAD (layer B.Cu) (tedit 60B8F28E) (tstamp 60B91080)
    (at 103.86 76 180)
    (path /60B120D2)
    (fp_text reference J3 (at 0 -1.905) (layer B.SilkS) hide
      (effects (font (size 1 1) (thickness 0.15)) (justify mirror))
    )
    (fp_text value "Shield mount" (at 0 1.905) (layer B.Fab) hide
      (effects (font (size 1 1) (thickness 0.15)) (justify mirror))
    )
    (pad 1 smd roundrect (at 0 0 180) (size 3 1.5) (layers B.Cu B.Mask) (roundrect_rratio 0.25)
      (net 3 "Net-(E1-Pad2)"))
  )

  (module oscilloscope-probes:PCB_SPARK_GAP_1mm (layer B.Cu) (tedit 60B8F323) (tstamp 60B91072)
    (at 106.56 86.16 270)
    (path /60B8F154)
    (fp_text reference E1 (at -0.1 0 90) (layer B.SilkS) hide
      (effects (font (size 1 1) (thickness 0.15)) (justify mirror))
    )
    (fp_text value SPARK_GAP (at 0 5.1 90) (layer B.Fab) hide
      (effects (font (size 1 1) (thickness 0.15)) (justify mirror))
    )
    (fp_poly (pts (xy 0.5 -0.25) (xy -0.5 -0.25) (xy -0.5 0.3) (xy 0.5 0.3)) (layer B.Mask) (width 0.01))
    (pad 1 smd rect (at 0.2 -0.16 225) (size 0.2 0.2) (layers B.Cu)
      (net 1 "Net-(C1-Pad2)"))
    (pad 1 smd rect (at 0 -0.16 225) (size 0.2 0.2) (layers B.Cu)
      (net 1 "Net-(C1-Pad2)"))
    (pad 1 smd rect (at -0.2 -0.16 225) (size 0.2 0.2) (layers B.Cu)
      (net 1 "Net-(C1-Pad2)"))
    (pad 1 smd roundrect (at 0 -0.65 270) (size 1 1) (layers B.Cu) (roundrect_rratio 0.05)
      (net 1 "Net-(C1-Pad2)"))
    (pad 2 smd rect (at 0.3 0.2 225) (size 0.2 0.2) (layers B.Cu)
      (net 3 "Net-(E1-Pad2)"))
    (pad 2 smd rect (at 0.1 0.2 225) (size 0.2 0.2) (layers B.Cu)
      (net 3 "Net-(E1-Pad2)"))
    (pad 2 smd rect (at -0.1 0.2 225) (size 0.2 0.2) (layers B.Cu)
      (net 3 "Net-(E1-Pad2)"))
    (pad 2 smd rect (at -0.3 0.2 225) (size 0.2 0.2) (layers B.Cu)
      (net 3 "Net-(E1-Pad2)"))
    (pad 2 smd roundrect (at 0 0.7 270) (size 1 1) (layers B.Cu) (roundrect_rratio 0.05)
      (net 3 "Net-(E1-Pad2)"))
  )

  (module Capacitor_SMD:C_0603_1608Metric (layer F.Cu) (tedit 5B301BBE) (tstamp 60B91061)
    (at 106.56 91.54)
    (descr "Capacitor SMD 0603 (1608 Metric), square (rectangular) end terminal, IPC_7351 nominal, (Body size source: http://www.tortai-tech.com/upload/download/2011102023233369053.pdf), generated with kicad-footprint-generator")
    (tags capacitor)
    (path /60B10B8A)
    (attr smd)
    (fp_text reference R1 (at 0 0.2) (layer F.SilkS) hide
      (effects (font (size 1 1) (thickness 0.15)))
    )
    (fp_text value "9.53 M" (at 0 1.43) (layer F.Fab) hide
      (effects (font (size 1 1) (thickness 0.15)))
    )
    (fp_line (start 1.48 0.73) (end -1.48 0.73) (layer F.CrtYd) (width 0.05))
    (fp_line (start 1.48 -0.73) (end 1.48 0.73) (layer F.CrtYd) (width 0.05))
    (fp_line (start -1.48 -0.73) (end 1.48 -0.73) (layer F.CrtYd) (width 0.05))
    (fp_line (start -1.48 0.73) (end -1.48 -0.73) (layer F.CrtYd) (width 0.05))
    (fp_line (start -0.162779 0.51) (end 0.162779 0.51) (layer F.SilkS) (width 0.12))
    (fp_line (start -0.162779 -0.51) (end 0.162779 -0.51) (layer F.SilkS) (width 0.12))
    (fp_line (start 0.8 0.4) (end -0.8 0.4) (layer F.Fab) (width 0.1))
    (fp_line (start 0.8 -0.4) (end 0.8 0.4) (layer F.Fab) (width 0.1))
    (fp_line (start -0.8 -0.4) (end 0.8 -0.4) (layer F.Fab) (width 0.1))
    (fp_line (start -0.8 0.4) (end -0.8 -0.4) (layer F.Fab) (width 0.1))
    (fp_text user %R (at 0 0) (layer F.Fab)
      (effects (font (size 0.4 0.4) (thickness 0.06)))
    )
    (pad 1 smd roundrect (at -0.7875 0) (size 0.875 0.95) (layers F.Cu F.Paste F.Mask) (roundrect_rratio 0.25)
      (net 2 "Net-(C1-Pad1)"))
    (pad 2 smd roundrect (at 0.7875 0) (size 0.875 0.95) (layers F.Cu F.Paste F.Mask) (roundrect_rratio 0.25)
      (net 1 "Net-(C1-Pad2)"))
    (model ${KISYS3DMOD}/Capacitor_SMD.3dshapes/C_0603_1608Metric.wrl
      (at (xyz 0 0 0))
      (scale (xyz 1 1 1))
      (rotate (xyz 0 0 0))
    )
  )

  (module oscilloscope-probes:PCB_SPARK_GAP_1mm (layer B.Cu) (tedit 60B8F323) (tstamp 60B91054)
    (at 106.56 81.08 270)
    (path /60B8F154)
    (fp_text reference E1 (at -0.1 0 90) (layer B.SilkS) hide
      (effects (font (size 1 1) (thickness 0.15)) (justify mirror))
    )
    (fp_text value SPARK_GAP (at 0 5.1 90) (layer B.Fab) hide
      (effects (font (size 1 1) (thickness 0.15)) (justify mirror))
    )
    (fp_poly (pts (xy 0.5 -0.25) (xy -0.5 -0.25) (xy -0.5 0.3) (xy 0.5 0.3)) (layer B.Mask) (width 0.01))
    (pad 2 smd roundrect (at 0 0.7 270) (size 1 1) (layers B.Cu) (roundrect_rratio 0.05)
      (net 3 "Net-(E1-Pad2)"))
    (pad 2 smd rect (at -0.3 0.2 225) (size 0.2 0.2) (layers B.Cu)
      (net 3 "Net-(E1-Pad2)"))
    (pad 2 smd rect (at -0.1 0.2 225) (size 0.2 0.2) (layers B.Cu)
      (net 3 "Net-(E1-Pad2)"))
    (pad 2 smd rect (at 0.1 0.2 225) (size 0.2 0.2) (layers B.Cu)
      (net 3 "Net-(E1-Pad2)"))
    (pad 2 smd rect (at 0.3 0.2 225) (size 0.2 0.2) (layers B.Cu)
      (net 3 "Net-(E1-Pad2)"))
    (pad 1 smd roundrect (at 0 -0.65 270) (size 1 1) (layers B.Cu) (roundrect_rratio 0.05)
      (net 1 "Net-(C1-Pad2)"))
    (pad 1 smd rect (at -0.2 -0.16 225) (size 0.2 0.2) (layers B.Cu)
      (net 1 "Net-(C1-Pad2)"))
    (pad 1 smd rect (at 0 -0.16 225) (size 0.2 0.2) (layers B.Cu)
      (net 1 "Net-(C1-Pad2)"))
    (pad 1 smd rect (at 0.2 -0.16 225) (size 0.2 0.2) (layers B.Cu)
      (net 1 "Net-(C1-Pad2)"))
  )

  (module oscilloscope-probes:SIMPLE_PAD (layer B.Cu) (tedit 60B8F28E) (tstamp 60B91050)
    (at 103.86 86.16 180)
    (path /60B120D2)
    (fp_text reference J3 (at 0 -1.905) (layer B.SilkS) hide
      (effects (font (size 1 1) (thickness 0.15)) (justify mirror))
    )
    (fp_text value "Shield mount" (at 0 1.905) (layer B.Fab) hide
      (effects (font (size 1 1) (thickness 0.15)) (justify mirror))
    )
    (pad 1 smd roundrect (at 0 0 180) (size 3 1.5) (layers B.Cu B.Mask) (roundrect_rratio 0.25)
      (net 3 "Net-(E1-Pad2)"))
  )

  (module oscilloscope-probes:PCB_SPARK_GAP_1mm (layer B.Cu) (tedit 60B8F323) (tstamp 60B91043)
    (at 106.56 121.72 270)
    (path /60B8F154)
    (fp_text reference E1 (at -0.1 0 90) (layer B.SilkS) hide
      (effects (font (size 1 1) (thickness 0.15)) (justify mirror))
    )
    (fp_text value SPARK_GAP (at 0 5.1 90) (layer B.Fab) hide
      (effects (font (size 1 1) (thickness 0.15)) (justify mirror))
    )
    (fp_poly (pts (xy 0.5 -0.25) (xy -0.5 -0.25) (xy -0.5 0.3) (xy 0.5 0.3)) (layer B.Mask) (width 0.01))
    (pad 2 smd roundrect (at 0 0.7 270) (size 1 1) (layers B.Cu) (roundrect_rratio 0.05)
      (net 3 "Net-(E1-Pad2)"))
    (pad 2 smd rect (at -0.3 0.2 225) (size 0.2 0.2) (layers B.Cu)
      (net 3 "Net-(E1-Pad2)"))
    (pad 2 smd rect (at -0.1 0.2 225) (size 0.2 0.2) (layers B.Cu)
      (net 3 "Net-(E1-Pad2)"))
    (pad 2 smd rect (at 0.1 0.2 225) (size 0.2 0.2) (layers B.Cu)
      (net 3 "Net-(E1-Pad2)"))
    (pad 2 smd rect (at 0.3 0.2 225) (size 0.2 0.2) (layers B.Cu)
      (net 3 "Net-(E1-Pad2)"))
    (pad 1 smd roundrect (at 0 -0.65 270) (size 1 1) (layers B.Cu) (roundrect_rratio 0.05)
      (net 1 "Net-(C1-Pad2)"))
    (pad 1 smd rect (at -0.2 -0.16 225) (size 0.2 0.2) (layers B.Cu)
      (net 1 "Net-(C1-Pad2)"))
    (pad 1 smd rect (at 0 -0.16 225) (size 0.2 0.2) (layers B.Cu)
      (net 1 "Net-(C1-Pad2)"))
    (pad 1 smd rect (at 0.2 -0.16 225) (size 0.2 0.2) (layers B.Cu)
      (net 1 "Net-(C1-Pad2)"))
  )

  (module oscilloscope-probes:MillMax_0279-0-15 (layer F.Cu) (tedit 60B8F063) (tstamp 60B91036)
    (at 109.66 101.4 180)
    (path /60B105B2)
    (fp_text reference J1 (at 0.1 0) (layer F.SilkS) hide
      (effects (font (size 1 1) (thickness 0.15)))
    )
    (fp_text value "Pin header" (at 0.1 2.2) (layer F.Fab) hide
      (effects (font (size 1 1) (thickness 0.15)))
    )
    (fp_line (start -2.2 -0.7) (end -2.2 -1) (layer F.Fab) (width 0.12))
    (fp_line (start -2.1 -0.7) (end -2.2 -0.7) (layer F.Fab) (width 0.12))
    (fp_line (start 2.1 -0.7) (end -2.1 -0.7) (layer F.Fab) (width 0.12))
    (fp_line (start 2.1 0.7) (end 2.1 -0.7) (layer F.Fab) (width 0.12))
    (fp_line (start -2.2 0.7) (end 2.1 0.7) (layer F.Fab) (width 0.12))
    (fp_line (start -2.2 1) (end -2.2 0.7) (layer F.Fab) (width 0.12))
    (fp_line (start -2.9 1) (end -2.2 1) (layer F.Fab) (width 0.12))
    (fp_line (start -2.9 -1) (end -2.9 1) (layer F.Fab) (width 0.12))
    (fp_line (start -2.2 -1) (end -2.9 -1) (layer F.Fab) (width 0.12))
    (pad 1 smd roundrect (at 0 0 270) (size 1.4 4.3) (layers F.Cu F.Paste F.Mask) (roundrect_rratio 0.25)
      (net 1 "Net-(C1-Pad2)"))
  )

  (module oscilloscope-probes:SIMPLE_PAD (layer B.Cu) (tedit 60B8F28E) (tstamp 60B91025)
    (at 103.86 106.48 180)
    (path /60B120D2)
    (fp_text reference J3 (at 0 -1.905) (layer B.SilkS) hide
      (effects (font (size 1 1) (thickness 0.15)) (justify mirror))
    )
    (fp_text value "Shield mount" (at 0 1.905) (layer B.Fab) hide
      (effects (font (size 1 1) (thickness 0.15)) (justify mirror))
    )
    (pad 1 smd roundrect (at 0 0 180) (size 3 1.5) (layers B.Cu B.Mask) (roundrect_rratio 0.25)
      (net 3 "Net-(E1-Pad2)"))
  )

  (module oscilloscope-probes:MillMax_0279-0-15 (layer F.Cu) (tedit 60B8F063) (tstamp 60B91015)
    (at 109.66 116.64 180)
    (path /60B105B2)
    (fp_text reference J1 (at 0.1 0) (layer F.SilkS) hide
      (effects (font (size 1 1) (thickness 0.15)))
    )
    (fp_text value "Pin header" (at 0.1 2.2) (layer F.Fab) hide
      (effects (font (size 1 1) (thickness 0.15)))
    )
    (fp_line (start -2.2 -1) (end -2.9 -1) (layer F.Fab) (width 0.12))
    (fp_line (start -2.9 -1) (end -2.9 1) (layer F.Fab) (width 0.12))
    (fp_line (start -2.9 1) (end -2.2 1) (layer F.Fab) (width 0.12))
    (fp_line (start -2.2 1) (end -2.2 0.7) (layer F.Fab) (width 0.12))
    (fp_line (start -2.2 0.7) (end 2.1 0.7) (layer F.Fab) (width 0.12))
    (fp_line (start 2.1 0.7) (end 2.1 -0.7) (layer F.Fab) (width 0.12))
    (fp_line (start 2.1 -0.7) (end -2.1 -0.7) (layer F.Fab) (width 0.12))
    (fp_line (start -2.1 -0.7) (end -2.2 -0.7) (layer F.Fab) (width 0.12))
    (fp_line (start -2.2 -0.7) (end -2.2 -1) (layer F.Fab) (width 0.12))
    (pad 1 smd roundrect (at 0 0 270) (size 1.4 4.3) (layers F.Cu F.Paste F.Mask) (roundrect_rratio 0.25)
      (net 1 "Net-(C1-Pad2)"))
  )

  (module Capacitor_SMD:C_0603_1608Metric (layer F.Cu) (tedit 5B301BBE) (tstamp 60B90FF4)
    (at 106.56 111.26)
    (descr "Capacitor SMD 0603 (1608 Metric), square (rectangular) end terminal, IPC_7351 nominal, (Body size source: http://www.tortai-tech.com/upload/download/2011102023233369053.pdf), generated with kicad-footprint-generator")
    (tags capacitor)
    (path /60B10F69)
    (attr smd)
    (fp_text reference C1 (at 0 -0.1) (layer F.SilkS) hide
      (effects (font (size 1 1) (thickness 0.15)))
    )
    (fp_text value 5pF (at 0 1.43) (layer F.Fab) hide
      (effects (font (size 1 1) (thickness 0.15)))
    )
    (fp_line (start 1.48 0.73) (end -1.48 0.73) (layer F.CrtYd) (width 0.05))
    (fp_line (start 1.48 -0.73) (end 1.48 0.73) (layer F.CrtYd) (width 0.05))
    (fp_line (start -1.48 -0.73) (end 1.48 -0.73) (layer F.CrtYd) (width 0.05))
    (fp_line (start -1.48 0.73) (end -1.48 -0.73) (layer F.CrtYd) (width 0.05))
    (fp_line (start -0.162779 0.51) (end 0.162779 0.51) (layer F.SilkS) (width 0.12))
    (fp_line (start -0.162779 -0.51) (end 0.162779 -0.51) (layer F.SilkS) (width 0.12))
    (fp_line (start 0.8 0.4) (end -0.8 0.4) (layer F.Fab) (width 0.1))
    (fp_line (start 0.8 -0.4) (end 0.8 0.4) (layer F.Fab) (width 0.1))
    (fp_line (start -0.8 -0.4) (end 0.8 -0.4) (layer F.Fab) (width 0.1))
    (fp_line (start -0.8 0.4) (end -0.8 -0.4) (layer F.Fab) (width 0.1))
    (fp_text user %R (at 0 0) (layer F.Fab)
      (effects (font (size 0.4 0.4) (thickness 0.06)))
    )
    (pad 1 smd roundrect (at -0.7875 0) (size 0.875 0.95) (layers F.Cu F.Paste F.Mask) (roundrect_rratio 0.25)
      (net 2 "Net-(C1-Pad1)"))
    (pad 2 smd roundrect (at 0.7875 0) (size 0.875 0.95) (layers F.Cu F.Paste F.Mask) (roundrect_rratio 0.25)
      (net 1 "Net-(C1-Pad2)"))
    (model ${KISYS3DMOD}/Capacitor_SMD.3dshapes/C_0603_1608Metric.wrl
      (at (xyz 0 0 0))
      (scale (xyz 1 1 1))
      (rotate (xyz 0 0 0))
    )
  )

  (module Capacitor_SMD:C_0603_1608Metric (layer F.Cu) (tedit 5B301BBE) (tstamp 60B90FE4)
    (at 106.56 96.02)
    (descr "Capacitor SMD 0603 (1608 Metric), square (rectangular) end terminal, IPC_7351 nominal, (Body size source: http://www.tortai-tech.com/upload/download/2011102023233369053.pdf), generated with kicad-footprint-generator")
    (tags capacitor)
    (path /60B10F69)
    (attr smd)
    (fp_text reference C1 (at 0 -0.1) (layer F.SilkS) hide
      (effects (font (size 1 1) (thickness 0.15)))
    )
    (fp_text value 5pF (at 0 1.43) (layer F.Fab) hide
      (effects (font (size 1 1) (thickness 0.15)))
    )
    (fp_text user %R (at 0 0) (layer F.Fab)
      (effects (font (size 0.4 0.4) (thickness 0.06)))
    )
    (fp_line (start -0.8 0.4) (end -0.8 -0.4) (layer F.Fab) (width 0.1))
    (fp_line (start -0.8 -0.4) (end 0.8 -0.4) (layer F.Fab) (width 0.1))
    (fp_line (start 0.8 -0.4) (end 0.8 0.4) (layer F.Fab) (width 0.1))
    (fp_line (start 0.8 0.4) (end -0.8 0.4) (layer F.Fab) (width 0.1))
    (fp_line (start -0.162779 -0.51) (end 0.162779 -0.51) (layer F.SilkS) (width 0.12))
    (fp_line (start -0.162779 0.51) (end 0.162779 0.51) (layer F.SilkS) (width 0.12))
    (fp_line (start -1.48 0.73) (end -1.48 -0.73) (layer F.CrtYd) (width 0.05))
    (fp_line (start -1.48 -0.73) (end 1.48 -0.73) (layer F.CrtYd) (width 0.05))
    (fp_line (start 1.48 -0.73) (end 1.48 0.73) (layer F.CrtYd) (width 0.05))
    (fp_line (start 1.48 0.73) (end -1.48 0.73) (layer F.CrtYd) (width 0.05))
    (pad 2 smd roundrect (at 0.7875 0) (size 0.875 0.95) (layers F.Cu F.Paste F.Mask) (roundrect_rratio 0.25)
      (net 1 "Net-(C1-Pad2)"))
    (pad 1 smd roundrect (at -0.7875 0) (size 0.875 0.95) (layers F.Cu F.Paste F.Mask) (roundrect_rratio 0.25)
      (net 2 "Net-(C1-Pad1)"))
    (model ${KISYS3DMOD}/Capacitor_SMD.3dshapes/C_0603_1608Metric.wrl
      (at (xyz 0 0 0))
      (scale (xyz 1 1 1))
      (rotate (xyz 0 0 0))
    )
  )

  (module Capacitor_SMD:C_0603_1608Metric (layer F.Cu) (tedit 5B301BBE) (tstamp 60B90FD3)
    (at 106.56 80.78)
    (descr "Capacitor SMD 0603 (1608 Metric), square (rectangular) end terminal, IPC_7351 nominal, (Body size source: http://www.tortai-tech.com/upload/download/2011102023233369053.pdf), generated with kicad-footprint-generator")
    (tags capacitor)
    (path /60B10F69)
    (attr smd)
    (fp_text reference C1 (at 0 -0.1) (layer F.SilkS) hide
      (effects (font (size 1 1) (thickness 0.15)))
    )
    (fp_text value 5pF (at 0 1.43) (layer F.Fab) hide
      (effects (font (size 1 1) (thickness 0.15)))
    )
    (fp_line (start 1.48 0.73) (end -1.48 0.73) (layer F.CrtYd) (width 0.05))
    (fp_line (start 1.48 -0.73) (end 1.48 0.73) (layer F.CrtYd) (width 0.05))
    (fp_line (start -1.48 -0.73) (end 1.48 -0.73) (layer F.CrtYd) (width 0.05))
    (fp_line (start -1.48 0.73) (end -1.48 -0.73) (layer F.CrtYd) (width 0.05))
    (fp_line (start -0.162779 0.51) (end 0.162779 0.51) (layer F.SilkS) (width 0.12))
    (fp_line (start -0.162779 -0.51) (end 0.162779 -0.51) (layer F.SilkS) (width 0.12))
    (fp_line (start 0.8 0.4) (end -0.8 0.4) (layer F.Fab) (width 0.1))
    (fp_line (start 0.8 -0.4) (end 0.8 0.4) (layer F.Fab) (width 0.1))
    (fp_line (start -0.8 -0.4) (end 0.8 -0.4) (layer F.Fab) (width 0.1))
    (fp_line (start -0.8 0.4) (end -0.8 -0.4) (layer F.Fab) (width 0.1))
    (fp_text user %R (at 0 0) (layer F.Fab)
      (effects (font (size 0.4 0.4) (thickness 0.06)))
    )
    (pad 1 smd roundrect (at -0.7875 0) (size 0.875 0.95) (layers F.Cu F.Paste F.Mask) (roundrect_rratio 0.25)
      (net 2 "Net-(C1-Pad1)"))
    (pad 2 smd roundrect (at 0.7875 0) (size 0.875 0.95) (layers F.Cu F.Paste F.Mask) (roundrect_rratio 0.25)
      (net 1 "Net-(C1-Pad2)"))
    (model ${KISYS3DMOD}/Capacitor_SMD.3dshapes/C_0603_1608Metric.wrl
      (at (xyz 0 0 0))
      (scale (xyz 1 1 1))
      (rotate (xyz 0 0 0))
    )
  )

  (module oscilloscope-probes:MillMax_0279-0-15 (layer F.Cu) (tedit 60B8F063) (tstamp 60B90FC6)
    (at 109.66 76 180)
    (path /60B105B2)
    (fp_text reference J1 (at 0.1 0) (layer F.SilkS) hide
      (effects (font (size 1 1) (thickness 0.15)))
    )
    (fp_text value "Pin header" (at 0.1 2.2) (layer F.Fab) hide
      (effects (font (size 1 1) (thickness 0.15)))
    )
    (fp_line (start -2.2 -1) (end -2.9 -1) (layer F.Fab) (width 0.12))
    (fp_line (start -2.9 -1) (end -2.9 1) (layer F.Fab) (width 0.12))
    (fp_line (start -2.9 1) (end -2.2 1) (layer F.Fab) (width 0.12))
    (fp_line (start -2.2 1) (end -2.2 0.7) (layer F.Fab) (width 0.12))
    (fp_line (start -2.2 0.7) (end 2.1 0.7) (layer F.Fab) (width 0.12))
    (fp_line (start 2.1 0.7) (end 2.1 -0.7) (layer F.Fab) (width 0.12))
    (fp_line (start 2.1 -0.7) (end -2.1 -0.7) (layer F.Fab) (width 0.12))
